9.14175522
9.040602625
9.04173105
9.086232422
8.961406808
8.912810749
8.786990257
8.971414971
8.969972174
9.089309314
9.212867707
9.018412327
9.000220558
8.753564085
9.006305652
8.975561268
8.975012163
9.106394484
8.858238575
8.917987168
8.958913927
9.041187881
8.86102657
9.112773042
8.92240512
8.795112802
9.116456796
9.031337091
8.975462226
9.079228754
9.162676587
8.995901104
9.128639798
8.950115942
9.169981147
8.87574321
9.049789596
9.07489945
8.927103702
9.187913811
8.980728478
8.888474686
9.232182033
9.044999255
8.990308628
8.956226153
9.178171703
9.176715535
9.044414035
9.048356967
8.998980811
9.055450731
9.208522084
9.07291008
8.996945142
9.142942322
8.921366766
9.019522499
9.239274248
9.0395009
9.189581691
9.016461686
8.898073784
9.185326478
8.997735988
9.031387044
9.077043882
8.874764665
9.145622639
9.230650986
9.280782246
9.187819207
9.189140459
9.103819239
9.113311218
9.073431978
9.167267285
8.989378794
9.203082732
8.874459679
9.111209624
9.298809838
9.345948482
9.103002434
9.283615223
9.062841819
9.135099471
9.225404407
9.316883137
9.368402126
9.258424603
9.097221058
9.181055039
9.396588064
9.216622547
9.172270099
9.358390069
9.221314171
9.251313856
9.393863095
