9.132589
9.076357
9.134201
9.105250
9.021190
8.920721
8.847506
8.930266
9.010186
9.150023
9.329603
9.155740
8.861663
8.684339
8.975707
8.954040
9.056728
9.118437
8.840085
8.996897
8.963950
9.035136
8.906732
9.080527
8.889177
8.875964
9.136535
9.047260
9.010852
9.115155
9.170469
8.924746
9.147058
8.955419
9.146243
8.933410
8.994343
9.010350
9.039608
9.134142
8.985906
8.928261
9.118127
9.075807
8.978829
8.911632
9.173824
9.199848
9.003425
9.014950
9.047804
9.159853
9.194650
9.120792
9.057305
9.138359
8.828792
9.019341
9.261507
9.049865
9.070226
8.927551
8.836697
9.253739
9.025292
8.977106
9.083092
8.734308
9.135119
9.256828
9.241123
9.169984
9.226950
9.075158
9.132357
9.064480
9.206212
9.097921
9.151486
9.045777
9.125550
9.350205
9.336188
9.083631
9.303328
9.092250
9.121096
9.186879
9.384173
9.319689
9.231701
9.221134
9.143274
9.420891
9.106341
9.136371
9.328519
9.270626
9.272682
9.501364
